0.0984062701
0
0.0983529985
0
0.098345384
1
0.098360613
1
0.098337777
2
0.098322548
2
0.0982997343
3
0.0983529985
3
0.098360613
4
0.0984138846
4
0.0982845053
5
0.0983301625
5
0.0983301625
6
0.0983910412
6
0.0983910412
7
0.098345384
7
0.0983529985
8
0.098337777
8
0.0983301625
9
0.0983073488
9
0.098360613
10
0.098345384
10
0.0983986557
11
0.0983834267
11
0.098345384
12
0.0982921198
12
0.098322548
13
0.0984214693
13
0.0983910412
14
0.0983682275
14
0.0983682275
15
0.0982921198
15
0.0982845053
16
0.09820842
16
0.0983301625
17
0.0982464626
17
0.0982312411
18
0.09820842
18
0.0981931984
19
0.0981399268
19
0.0982236266
20
0.0982236266
20
0.0981779695
21
0.0982616916
21
0.0981246978
22
0.0981627628
22
0.0981475413
23
0.09820842
23
0.0981779695
24
0.0982008055
24
0.0982160345
25
0.0981855839
25
0.0981246978
26
0.0981855839
26
0.0981399268
27
0.0982845053
27
0.09820842
28
0.0982312411
28
0.0981246978
29
0.0982312411
29
0.0981703773
30
0.0981551558
30
0.0981475413
31
0.0980866551
31
0.0981094986
32
0.0981551558
32
0.0981627628
33